name: vegahvyml
channels:
  - conda-forge
  - defaults
dependencies:
  - ca-certificates=2021.10.8=h5b45459_0
  - click=8.0.4=py38haa244fe_0
  - colorama=0.4.4=pyh9f0ad1d_0
  - openssl=1.1.1l=h8ffe710_0
  - pip=22.0.3=pyhd8ed1ab_0
  - python=3.8.11=h6244533_1
  - python_abi=3.8=2_cp38
  - setuptools=60.9.3=py38haa244fe_0
  - sqlite=3.37.0=h8ffe710_0
  - ucrt=10.0.20348.0=h57928b3_0
  - vc=14.2=hb210afc_6
  - vs2015_runtime=14.29.30037=h902a5da_6
  - wheel=0.37.1=pyhd8ed1ab_0

